gcc  conway.o pbmlib.o -o conway
Leyendo estado inicial...
Grabando estado_1.pbm
0 0 0 0 0 0 0 0 0 0 
0 0 0 0 0 0 0 0 0 0 
0 0 0 1 1 1 0 0 0 0 
0 0 0 1 1*1 1 0 0 0 
0 0 1 2 4 2*2 0 0 0 
0 0 1 1*2*2*2 0 0 0 
0 0 0 1 2 2 1 0 0 0 
0 0 0 0 0 0 0 0 0 0 
0 0 0 0 0 0 0 0 0 0 
0 0 0 0 0 0 0 0 0 0 
Grabando estado_2.pbm
0 0 0 0 0 0 0 0 0 0 
0 0 0 0 0 0 0 0 0 0 
0 0 0 0 0 0 0 0 0 0 
0 0 0 0 1 1 1 0 0 0 
0 0 0 1 3 3*2 0 0 0 
0 0 0 2 3*3*2 0 0 0 
0 0 0 1 2 2 1 0 0 0 
0 0 0 0 0 0 0 0 0 0 
0 0 0 0 0 0 0 0 0 0 
0 0 0 0 0 0 0 0 0 0 
Listo


